polygon 6
mean: 8.563663923740387
std: 0.05131095252256465
polygon 12
mean: 8.837507808208466
std: 0.0384716044660047
polygon 18
mean: 9.283443188667297
std: 0.3135843575924129